1.041400000000000103e+00 2.530000000000000071e+01 2.200000000000000000e+01 1.540000000000000000e+02 6.625000000000000000e+01 3.400000000000000000e+01 9.579999999999999716e+01 8.790000000000000568e+01 9.920000000000000284e+01 5.960000000000000142e+01 3.889999999999999858e+01 2.400000000000000000e+01 2.880000000000000071e+01 2.519999999999999929e+01 1.660000000000000142e+01
1.052499999999999991e+00 2.030000000000000071e+01 3.500000000000000000e+01 2.247500000000000000e+02 7.225000000000000000e+01 4.389999999999999858e+01 1.082000000000000028e+02 1.004000000000000057e+02 1.067999999999999972e+02 6.329999999999999716e+01 4.170000000000000284e+01 2.460000000000000142e+01 3.720000000000000284e+01 3.310000000000000142e+01 1.980000000000000071e+01
1.026299999999999990e+00 3.229999999999999716e+01 4.100000000000000000e+01 2.472500000000000000e+02 7.350000000000000000e+01 4.210000000000000142e+01 1.170000000000000000e+02 1.155999999999999943e+02 1.160999999999999943e+02 7.120000000000000284e+01 4.329999999999999716e+01 2.630000000000000071e+01 3.729999999999999716e+01 3.169999999999999929e+01 1.969999999999999929e+01
1.048000000000000043e+00 2.230000000000000071e+01 4.900000000000000000e+01 1.967500000000000000e+02 7.375000000000000000e+01 4.070000000000000284e+01 1.035000000000000000e+02 9.550000000000000000e+01 1.015999999999999943e+02 5.910000000000000142e+01 3.979999999999999716e+01 2.539999999999999858e+01 3.100000000000000000e+01 3.030000000000000071e+01 1.969999999999999929e+01
1.098300000000000054e+00 6.999999999999999556e-01 3.500000000000000000e+01 1.257500000000000000e+02 6.550000000000000000e+01 3.400000000000000000e+01 9.079999999999999716e+01 7.500000000000000000e+01 8.920000000000000284e+01 5.000000000000000000e+01 3.479999999999999716e+01 2.200000000000000000e+01 2.480000000000000071e+01 2.589999999999999858e+01 1.689999999999999858e+01
1.052400000000000002e+00 2.039999999999999858e+01 5.800000000000000000e+01 1.815000000000000000e+02 6.800000000000000000e+01 3.910000000000000142e+01 1.000000000000000000e+02 9.979999999999999716e+01 1.025000000000000000e+02 6.210000000000000142e+01 3.960000000000000142e+01 2.250000000000000000e+01 3.310000000000000142e+01 2.830000000000000071e+01 1.850000000000000000e+01
1.056000000000000050e+00 1.880000000000000071e+01 6.600000000000000000e+01 1.712500000000000000e+02 6.925000000000000000e+01 3.739999999999999858e+01 1.027000000000000028e+02 9.859999999999999432e+01 1.002000000000000028e+02 5.650000000000000000e+01 3.929999999999999716e+01 2.269999999999999929e+01 3.030000000000000071e+01 2.869999999999999929e+01 1.900000000000000000e+01
1.046799999999999953e+00 2.289999999999999858e+01 3.200000000000000000e+01 2.092500000000000000e+02 7.100000000000000000e+01 4.210000000000000142e+01 1.075999999999999943e+02 9.750000000000000000e+01 1.070000000000000000e+02 6.690000000000000568e+01 4.000000000000000000e+01 2.439999999999999858e+01 3.820000000000000284e+01 3.160000000000000142e+01 1.930000000000000071e+01
1.052000000000000046e+00 2.050000000000000000e+01 4.600000000000000000e+01 1.770000000000000000e+02 7.000000000000000000e+01 3.720000000000000284e+01 9.970000000000000284e+01 9.559999999999999432e+01 1.022000000000000028e+02 5.829999999999999716e+01 3.820000000000000284e+01 2.250000000000000000e+01 2.910000000000000142e+01 2.769999999999999929e+01 1.769999999999999929e+01
1.043800000000000061e+00 2.419999999999999929e+01 4.000000000000000000e+01 2.022500000000000000e+02 7.000000000000000000e+01 3.850000000000000000e+01 1.065000000000000000e+02 1.009000000000000057e+02 1.062000000000000028e+02 6.350000000000000000e+01 3.989999999999999858e+01 2.260000000000000142e+01 3.510000000000000142e+01 3.060000000000000142e+01 1.900000000000000000e+01
1.070400000000000018e+00 1.250000000000000000e+01 3.000000000000000000e+01 1.365000000000000000e+02 6.875000000000000000e+01 3.589999999999999858e+01 8.870000000000000284e+01 7.659999999999999432e+01 8.979999999999999716e+01 5.010000000000000142e+01 3.479999999999999716e+01 2.180000000000000071e+01 2.700000000000000000e+01 3.489999999999999858e+01 1.689999999999999858e+01
1.030799999999999939e+00 3.019999999999999929e+01 6.900000000000000000e+01 2.155000000000000000e+02 7.050000000000000000e+01 4.079999999999999716e+01 1.137000000000000028e+02 1.075999999999999943e+02 1.100000000000000000e+02 6.329999999999999716e+01 4.400000000000000000e+01 2.260000000000000142e+01 3.750000000000000000e+01 3.260000000000000142e+01 1.880000000000000071e+01
1.035600000000000076e+00 2.800000000000000000e+01 6.200000000000000000e+01 2.012500000000000000e+02 6.950000000000000000e+01 4.050000000000000000e+01 1.115000000000000000e+02 1.042000000000000028e+02 1.057999999999999972e+02 6.179999999999999716e+01 3.979999999999999716e+01 2.269999999999999929e+01 3.770000000000000284e+01 3.089999999999999858e+01 1.919999999999999929e+01
1.074200000000000044e+00 1.080000000000000071e+01 4.000000000000000000e+01 1.335000000000000000e+02 6.750000000000000000e+01 3.360000000000000142e+01 8.820000000000000284e+01 7.370000000000000284e+01 8.850000000000000000e+01 5.329999999999999716e+01 3.450000000000000000e+01 2.250000000000000000e+01 2.789999999999999858e+01 2.619999999999999929e+01 1.730000000000000071e+01
1.014000000000000012e+00 3.810000000000000142e+01 4.200000000000000000e+01 2.442500000000000000e+02 7.600000000000000000e+01 4.179999999999999716e+01 1.152000000000000028e+02 1.137000000000000028e+02 1.124000000000000057e+02 6.850000000000000000e+01 4.500000000000000000e+01 2.550000000000000000e+01 3.710000000000000142e+01 3.119999999999999929e+01 1.989999999999999858e+01
1.060300000000000020e+00 1.689999999999999858e+01 3.900000000000000000e+01 2.347500000000000000e+02 7.450000000000000000e+01 4.279999999999999716e+01 1.095000000000000000e+02 1.045000000000000000e+02 1.099000000000000057e+02 6.950000000000000000e+01 4.310000000000000142e+01 2.580000000000000071e+01 3.910000000000000142e+01 3.250000000000000000e+01 1.989999999999999858e+01
1.071600000000000108e+00 1.190000000000000036e+01 3.200000000000000000e+01 1.820000000000000000e+02 7.375000000000000000e+01 3.870000000000000284e+01 1.005000000000000000e+02 8.870000000000000284e+01 9.979999999999999716e+01 5.750000000000000000e+01 3.870000000000000284e+01 3.389999999999999858e+01 3.250000000000000000e+01 2.769999999999999929e+01 1.839999999999999858e+01
1.066599999999999993e+00 1.409999999999999964e+01 4.800000000000000000e+01 1.760000000000000000e+02 7.300000000000000000e+01 3.670000000000000284e+01 9.670000000000000284e+01 8.650000000000000000e+01 9.829999999999999716e+01 6.039999999999999858e+01 3.989999999999999858e+01 2.439999999999999858e+01 2.880000000000000071e+01 2.960000000000000142e+01 1.869999999999999929e+01
1.067099999999999937e+00 1.390000000000000036e+01 5.100000000000000000e+01 1.790000000000000000e+02 7.200000000000000000e+01 4.100000000000000000e+01 9.920000000000000284e+01 9.000000000000000000e+01 9.640000000000000568e+01 5.679999999999999716e+01 3.879999999999999716e+01 2.330000000000000071e+01 3.339999999999999858e+01 2.980000000000000071e+01 1.950000000000000000e+01
1.052000000000000046e+00 2.050000000000000000e+01 4.100000000000000000e+01 2.022500000000000000e+02 7.250000000000000000e+01 4.079999999999999716e+01 1.092000000000000028e+02 9.800000000000000000e+01 1.017999999999999972e+02 6.279999999999999716e+01 4.129999999999999716e+01 2.480000000000000071e+01 3.660000000000000142e+01 3.239999999999999858e+01 1.880000000000000071e+01
1.065199999999999925e+00 1.469999999999999929e+01 4.000000000000000000e+01 1.602500000000000000e+02 6.875000000000000000e+01 3.689999999999999858e+01 9.929999999999999716e+01 8.329999999999999716e+01 9.750000000000000000e+01 6.050000000000000000e+01 3.870000000000000284e+01 2.260000000000000142e+01 3.439999999999999858e+01 2.800000000000000000e+01 1.760000000000000142e+01
1.041600000000000081e+00 2.519999999999999929e+01 2.600000000000000000e+01 2.230000000000000000e+02 7.025000000000000000e+01 4.060000000000000142e+01 1.140999999999999943e+02 1.067999999999999972e+02 1.139000000000000057e+02 6.759999999999999432e+01 4.270000000000000284e+01 2.469999999999999929e+01 3.600000000000000000e+01 3.039999999999999858e+01 1.839999999999999858e+01
1.070400000000000018e+00 1.240000000000000036e+01 2.500000000000000000e+01 1.760000000000000000e+02 7.250000000000000000e+01 3.779999999999999716e+01 9.959999999999999432e+01 8.850000000000000000e+01 9.709999999999999432e+01 6.000000000000000000e+01 3.939999999999999858e+01 2.319999999999999929e+01 3.050000000000000000e+01 2.900000000000000000e+01 1.880000000000000071e+01
1.077499999999999902e+00 9.400000000000000355e+00 2.300000000000000000e+01 1.597500000000000000e+02 7.225000000000000000e+01 3.550000000000000000e+01 9.209999999999999432e+01 7.709999999999999432e+01 9.390000000000000568e+01 5.610000000000000142e+01 3.610000000000000142e+01 2.269999999999999929e+01 3.050000000000000000e+01 2.719999999999999929e+01 1.819999999999999929e+01
1.090999999999999970e+00 3.700000000000000178e+00 2.700000000000000000e+01 1.332500000000000000e+02 6.475000000000000000e+01 3.639999999999999858e+01 9.350000000000000000e+01 7.390000000000000568e+01 8.850000000000000000e+01 5.010000000000000142e+01 3.450000000000000000e+01 2.130000000000000071e+01 3.050000000000000000e+01 2.789999999999999858e+01 1.719999999999999929e+01
1.064000000000000057e+00 1.519999999999999929e+01 2.800000000000000000e+01 2.005000000000000000e+02 6.975000000000000000e+01 4.129999999999999716e+01 1.114000000000000057e+02 9.879999999999999716e+01 1.047999999999999972e+02 6.339999999999999858e+01 4.060000000000000142e+01 2.460000000000000142e+01 3.300000000000000000e+01 3.279999999999999716e+01 1.989999999999999858e+01
1.064599999999999991e+00 1.500000000000000000e+01 5.300000000000000000e+01 1.545000000000000000e+02 6.925000000000000000e+01 3.760000000000000142e+01 9.390000000000000568e+01 8.870000000000000284e+01 9.450000000000000000e+01 5.370000000000000284e+01 3.620000000000000284e+01 2.200000000000000000e+01 2.850000000000000000e+01 2.569999999999999929e+01 1.710000000000000142e+01
1.062400000000000011e+00 1.590000000000000036e+01 4.200000000000000000e+01 1.935000000000000000e+02 7.050000000000000000e+01 4.070000000000000284e+01 1.049000000000000057e+02 9.409999999999999432e+01 1.027000000000000028e+02 6.060000000000000142e+01 3.860000000000000142e+01 2.469999999999999929e+01 3.400000000000000000e+01 3.010000000000000142e+01 1.869999999999999929e+01
1.048399999999999999e+00 2.219999999999999929e+01 4.700000000000000000e+01 1.970000000000000000e+02 7.200000000000000000e+01 4.000000000000000000e+01 1.075000000000000000e+02 9.400000000000000000e+01 1.037000000000000028e+02 6.270000000000000284e+01 3.900000000000000000e+01 2.230000000000000071e+01 3.529999999999999716e+01 3.089999999999999858e+01 1.830000000000000071e+01
1.076100000000000056e+00 1.000000000000000000e+01 2.800000000000000000e+01 1.825000000000000000e+02 7.225000000000000000e+01 3.700000000000000000e+01 9.850000000000000000e+01 9.079999999999999716e+01 1.025000000000000000e+02 6.079999999999999716e+01 3.850000000000000000e+01 2.500000000000000000e+01 3.160000000000000142e+01 2.800000000000000000e+01 1.860000000000000142e+01
1.077099999999999946e+00 9.599999999999999645e+00 4.700000000000000000e+01 1.605000000000000000e+02 7.025000000000000000e+01 3.600000000000000000e+01 9.979999999999999716e+01 8.390000000000000568e+01 9.179999999999999716e+01 5.300000000000000000e+01 3.620000000000000284e+01 2.250000000000000000e+01 3.139999999999999858e+01 2.750000000000000000e+01 1.769999999999999929e+01
1.042399999999999993e+00 2.489999999999999858e+01 4.600000000000000000e+01 1.925000000000000000e+02 7.175000000000000000e+01 3.800000000000000000e+01 1.065999999999999943e+02 9.750000000000000000e+01 1.005999999999999943e+02 5.889999999999999858e+01 4.050000000000000000e+01 2.450000000000000000e+01 3.329999999999999716e+01 2.960000000000000142e+01 1.910000000000000142e+01
1.031700000000000061e+00 2.980000000000000071e+01 5.600000000000000000e+01 1.787500000000000000e+02 6.850000000000000000e+01 3.560000000000000142e+01 1.029000000000000057e+02 9.470000000000000284e+01 1.007999999999999972e+02 6.089999999999999858e+01 3.800000000000000000e+01 2.210000000000000142e+01 3.250000000000000000e+01 2.980000000000000071e+01 1.830000000000000071e+01
1.092600000000000016e+00 3.000000000000000000e+00 3.500000000000000000e+01 1.522500000000000000e+02 6.775000000000000000e+01 3.700000000000000000e+01 9.220000000000000284e+01 8.190000000000000568e+01 9.279999999999999716e+01 5.470000000000000284e+01 3.620000000000000284e+01 2.210000000000000142e+01 3.039999999999999858e+01 2.739999999999999858e+01 1.769999999999999929e+01
1.064799999999999969e+00 1.490000000000000036e+01 4.200000000000000000e+01 1.652500000000000000e+02 6.975000000000000000e+01 3.829999999999999716e+01 9.620000000000000284e+01 8.700000000000000000e+01 9.779999999999999716e+01 5.739999999999999858e+01 3.689999999999999858e+01 2.219999999999999929e+01 3.160000000000000142e+01 2.780000000000000071e+01 1.769999999999999929e+01
1.081900000000000084e+00 7.500000000000000000e+00 5.100000000000000000e+01 1.545000000000000000e+02 7.000000000000000000e+01 3.689999999999999858e+01 9.329999999999999716e+01 8.150000000000000000e+01 9.440000000000000568e+01 5.470000000000000284e+01 3.900000000000000000e+01 2.260000000000000142e+01 2.750000000000000000e+01 2.589999999999999858e+01 1.860000000000000142e+01
1.050599999999999978e+00 2.119999999999999929e+01 4.900000000000000000e+01 1.985000000000000000e+02 7.350000000000000000e+01 4.010000000000000142e+01 1.065000000000000000e+02 9.500000000000000000e+01 1.017000000000000028e+02 5.900000000000000000e+01 3.939999999999999858e+01 2.230000000000000071e+01 3.220000000000000284e+01 3.100000000000000000e+01 1.860000000000000142e+01
1.026399999999999979e+00 3.229999999999999716e+01 5.700000000000000000e+01 2.055000000000000000e+02 7.000000000000000000e+01 4.010000000000000142e+01 1.052999999999999972e+02 1.055000000000000000e+02 1.082999999999999972e+02 6.500000000000000000e+01 4.120000000000000284e+01 2.469999999999999929e+01 3.529999999999999716e+01 3.110000000000000142e+01 1.839999999999999858e+01
1.060699999999999976e+00 1.669999999999999929e+01 4.000000000000000000e+01 1.580000000000000000e+02 6.925000000000000000e+01 3.629999999999999716e+01 9.700000000000000000e+01 8.659999999999999432e+01 9.259999999999999432e+01 5.589999999999999858e+01 3.629999999999999716e+01 2.210000000000000142e+01 2.980000000000000071e+01 2.630000000000000071e+01 1.730000000000000071e+01
1.075800000000000090e+00 1.009999999999999964e+01 2.700000000000000000e+01 1.460000000000000000e+02 7.225000000000000000e+01 3.410000000000000142e+01 8.850000000000000000e+01 7.279999999999999716e+01 9.109999999999999432e+01 5.360000000000000142e+01 3.679999999999999716e+01 2.380000000000000071e+01 2.780000000000000071e+01 2.630000000000000071e+01 1.739999999999999858e+01
1.068000000000000060e+00 1.350000000000000000e+01 5.500000000000000000e+01 1.250000000000000000e+02 6.400000000000000000e+01 3.320000000000000284e+01 8.770000000000000284e+01 7.600000000000000000e+01 8.859999999999999432e+01 5.089999999999999858e+01 3.539999999999999858e+01 1.910000000000000142e+01 2.930000000000000071e+01 2.569999999999999929e+01 1.689999999999999858e+01
1.049199999999999910e+00 2.180000000000000071e+01 3.500000000000000000e+01 1.662500000000000000e+02 6.800000000000000000e+01 3.850000000000000000e+01 9.909999999999999432e+01 9.040000000000000568e+01 9.559999999999999432e+01 5.550000000000000000e+01 3.420000000000000284e+01 2.189999999999999858e+01 3.019999999999999929e+01 2.869999999999999929e+01 1.769999999999999929e+01
1.020899999999999919e+00 3.479999999999999716e+01 4.400000000000000000e+01 2.230000000000000000e+02 6.975000000000000000e+01 4.089999999999999858e+01 1.215999999999999943e+02 1.139000000000000057e+02 1.070999999999999943e+02 6.350000000000000000e+01 4.029999999999999716e+01 2.180000000000000071e+01 3.479999999999999716e+01 3.069999999999999929e+01 1.739999999999999858e+01
1.078999999999999959e+00 8.800000000000000711e+00 5.700000000000000000e+01 1.625000000000000000e+02 6.950000000000000000e+01 3.870000000000000284e+01 9.159999999999999432e+01 7.879999999999999716e+01 9.429999999999999716e+01 5.670000000000000284e+01 3.970000000000000284e+01 2.419999999999999929e+01 3.019999999999999929e+01 2.919999999999999929e+01 1.810000000000000142e+01
1.072799999999999976e+00 1.140000000000000036e+01 4.100000000000000000e+01 1.530000000000000000e+02 6.925000000000000000e+01 3.639999999999999858e+01 9.140000000000000568e+01 8.059999999999999432e+01 9.229999999999999716e+01 5.429999999999999716e+01 3.629999999999999716e+01 2.180000000000000071e+01 2.960000000000000142e+01 2.730000000000000071e+01 1.789999999999999858e+01
1.075599999999999890e+00 1.019999999999999929e+01 4.700000000000000000e+01 1.582500000000000000e+02 7.225000000000000000e+01 3.489999999999999858e+01 9.020000000000000284e+01 8.670000000000000284e+01 9.829999999999999716e+01 5.260000000000000142e+01 3.720000000000000284e+01 2.239999999999999858e+01 2.600000000000000000e+01 2.580000000000000071e+01 1.730000000000000071e+01
1.090000000000000080e+00 4.099999999999999645e+00 2.500000000000000000e+01 1.910000000000000000e+02 7.400000000000000000e+01 3.810000000000000142e+01 1.009000000000000057e+02 8.250000000000000000e+01 9.990000000000000568e+01 6.289999999999999858e+01 3.829999999999999716e+01 2.380000000000000071e+01 3.589999999999999858e+01 3.110000000000000142e+01 1.819999999999999929e+01
1.050300000000000011e+00 2.130000000000000071e+01 4.200000000000000000e+01 1.630000000000000000e+02 7.025000000000000000e+01 3.529999999999999716e+01 9.350000000000000000e+01 8.959999999999999432e+01 9.979999999999999716e+01 6.150000000000000000e+01 3.779999999999999716e+01 2.189999999999999858e+01 3.069999999999999929e+01 2.760000000000000142e+01 1.739999999999999858e+01
1.067800000000000082e+00 1.359999999999999964e+01 5.100000000000000000e+01 1.492500000000000000e+02 6.975000000000000000e+01 3.479999999999999716e+01 9.279999999999999716e+01 8.109999999999999432e+01 9.629999999999999716e+01 5.379999999999999716e+01 3.650000000000000000e+01 2.150000000000000000e+01 3.130000000000000071e+01 2.630000000000000071e+01 1.780000000000000071e+01
1.062200000000000033e+00 1.600000000000000000e+01 2.800000000000000000e+01 1.837500000000000000e+02 6.775000000000000000e+01 3.800000000000000000e+01 1.067999999999999972e+02 8.959999999999999432e+01 1.024000000000000057e+02 6.420000000000000284e+01 3.870000000000000284e+01 2.289999999999999858e+01 3.720000000000000284e+01 3.050000000000000000e+01 1.850000000000000000e+01
